================ S14 Batch Realtime Result ================
Color count = 30
Y = 4.000000, K = 9, metric = xy, fit = xy/plane
White xy = (0.333464, 0.348915)
 
No   U     V     ExactRa   S14Ra     RaDiff     ExactW     AvgW       FitW       UsedW      FB      S14RGBPWM    Status            
----------------------------------------------------------------------------------------------------------------------------------------------------------------
1    40    94    95.9621   95.9005   0.0616     0.9135     0.9153     0.9059     0.9059     0       (  5, 15,  9,231) OK                
2    39    96    95.5935   95.5396   0.0539     0.8578     0.8484     0.8485     0.8485     0       (  8, 26,  6,216) OK                
3    39    110   24.3593   24.3593   0.0000     0.0377     0.0375     0.0398     0.0377     0       ( 93,146,  0, 10) OK                
4    41    110   18.1762   18.1762   0.0000     0.0252     0.0132     0.0267     0.0252     0       (102,144,  0,  6) OK                
5    43    110   12.3487   12.3487   0.0000     0.0127     0.0133     0.0135     0.0127     0       (110,141,  0,  3) OK                
6    48    109   8.6483    8.6483    0.0000     0.0441     0.0398     0.0465     0.0441     0       (124,126,  0, 11) OK                
7    54    109   -1.7178   -1.7178   0.0000     0.0064     0.0152     0.0068     0.0064     0       (149,120,  0,  2) OK                
8    61    108   -1.6812   -1.6812   0.0000     0.0253     0.0131     0.0267     0.0253     0       (172,102,  0,  6) OK                
9    67    107   2.3916    2.3916    0.0000     0.0510     0.0414     0.0537     0.0510     0       (191, 85,  0, 13) OK                
10   76    106   11.4932   11.4932   0.0000     0.0577     0.0498     0.0606     0.0577     0       (223, 65,  0, 15) OK                
11   103   104   59.1753   57.8820   1.2933     0.0123     0.0008     0.0022     0.0022     0       (255, 14,  0,  1) OK                
12   101   101   59.9709   59.5696   0.4013     0.0935     0.0891     0.0841     0.0841     0       (255,  1,  4, 21) OK                
13   98    99    58.8203   58.4973   0.3230     0.1173     0.1200     0.1142     0.1142     0       (255,  0,  9, 29) OK                
14   88    88    31.3474   31.1175   0.2299     0.1538     0.1428     0.1518     0.1518     0       (255,  0, 37, 39) OK                
15   49    36    -99.1149  -99.4629  0.3480     0.2739     0.2695     0.2657     0.2657     0       (130,  1,255, 68) OK                
16   39    17    -         -         -          -          -          -          -          -       -            ERROR: The fixed-white to target ray does not hit the RGB gamut boundary after the target.
17   32    48    23.7500   23.7500   0.0000     0.0000     0.0000     0.0000     0.0000     0       ( 13,152,255,  0) OK                
18   29    58    33.6960   33.6960   0.0000     0.0000     0.0000     0.0000     0.0000     0       ( 12,167,193,  0) OK                
19   27    64    35.6819   35.6819   0.0000     0.0000     -0.0000    -0.0000    0.0000     0       ( 10,175,156,  0) OK                
20   25    72    42.7799   42.7799   0.0000     0.0000     -0.0000    -0.0000    0.0000     0       ( 12,181,116,  0) OK                
21   24    78    50.7509   50.7509   0.0000     0.0000     -0.0000    0.0000     0.0000     0       ( 15,184, 91,  0) OK                
22   22    84    49.9142   49.9142   0.0000     0.0000     0.0000     0.0000     0.0000     0       ( 14,188, 70,  0) OK                
23   21    91    53.9382   53.8004   0.1378     0.0000     0.0044     0.0047     0.0047     0       ( 17,189, 49,  1) OK                
24   20    95    51.4290   51.2268   0.2022     0.0000     0.0068     0.0060     0.0060     0       ( 17,191, 38,  2) OK                
25   19    98    47.9873   47.8758   0.1115     0.0000     0.0036     0.0030     0.0030     0       ( 17,193, 31,  1) OK                
26   17    105   39.1084   39.1084   0.0000     0.0000     0.0000     0.0000     0.0000     0       ( 17,196, 16,  0) OK                
27   15    112   11.1873   11.1873   -0.0000    0.0000     0.0000     0.0000     0.0000     0       ( 16,199,  2,  0) OK                
28   19    112   23.6995   23.6865   0.0130     0.0000     0.0011     0.0010     0.0010     0       ( 30,191,  1,  0) OK                
29   27    111   44.7612   44.6425   0.1188     0.0499     0.0388     0.0464     0.0464     0       ( 52,169,  0, 12) OK                
30   34    111   27.5560   27.5560   0.0000     0.0066     0.0194     0.0070     0.0066     0       ( 80,160,  0,  2) OK                
