S14 Random300 Local Weighted WhiteRatio Fit + Boundary Mix Compare
Count=300, K=9, metric=xy, fitCoord=xy, model=plane
 
1    0.22606    0.54345    48.7220    48.6983    37.5288    0.0237     11.1932    11.1696    0.00000    0.00122    0.29175    0     OK          
2    0.41342    0.47496    27.3620    27.3620    27.3620    0.0000     0.0000     0.0000     0.10764    0.10764    0.10764    0     OK          
3    0.18715    0.61253    20.0600    20.0600    14.0996    0.0000     5.9604     5.9604     0.00000    0.00000    0.14617    0     OK          
4    0.25406    0.42943    73.7107    73.7107    64.7340    0.0000     8.9767     8.9767     0.25155    0.25163    0.47851    0     OK          
5    0.59191    0.37019    8.4275     8.4275     8.4275     0.0000     0.0000     0.0000     0.02942    0.02942    0.02942    0     OK          
6    0.40913    0.49595    22.9268    22.9268    22.9268    0.0000     0.0000     0.0000     0.04483    0.04483    0.04483    0     OK          
7    0.21226    0.37532    67.7447    67.6461    58.2134    0.0987     9.5313     9.4327     0.07565    0.08937    0.33534    0     OK          
8    0.29452    0.24855    70.5884    70.5426    70.5884    0.0458     0.0000     -0.0458    0.91198    0.91133    0.91198    0     OK          
9    0.16896    0.31272    50.8780    50.8211    44.2331    0.0569     6.6449     6.5880     0.00000    0.00160    0.13779    0     OK          
10   0.52944    0.26958    40.9822    40.8882    40.9822    0.0940     0.0000     -0.0940    0.32107    0.32018    0.32107    0     OK          
11   0.48362    0.31760    49.5247    48.5840    49.5247    0.9407     0.0000     -0.9407    0.60499    0.59499    0.60499    0     OK          
12   0.29925    0.38260    89.6464    89.6461    84.7627    0.0003     4.8837     4.8834     0.63699    0.63651    0.75034    0     OK          
13   0.26183    0.36545    83.7780    83.7779    78.2284    0.0001     5.5496     5.5495     0.44861    0.44818    0.59412    0     OK          
14   0.14812    0.29052    30.0448    30.0448    29.3584    0.0000     0.6863     0.6863     0.00000    0.00000    0.01237    0     OK          
15   0.29798    0.28267    90.6711    88.7596    90.6711    1.9116     0.0000     -1.9116    0.97421    0.93803    0.97421    0     OK          
16   0.21357    0.13745    60.9066    60.9014    60.0457    0.0052     0.8610     0.8557     0.75815    0.75106    0.85941    0     OK          
17   0.26290    0.24781    89.6098    89.4152    89.6098    0.1946     0.0000     -0.1946    0.86390    0.85907    0.86390    0     OK          
18   0.35205    0.34805    93.6374    91.7309    93.6374    1.9066     0.0000     -1.9066    0.94379    0.91897    0.94379    0     OK          
19   0.27280    0.55947    50.9227    50.9216    50.8595    0.0011     0.0632     0.0621     0.11668    0.11322    0.14238    0     OK          
20   0.42916    0.42882    29.6794    29.6794    29.6794    0.0000     0.0000     0.0000     0.25015    0.25015    0.25015    0     OK          
21   0.31995    0.55179    48.2518    48.2518    48.2518    0.0000     0.0000     0.0000     0.06649    0.06649    0.06649    0     OK          
22   0.31246    0.54143    55.3683    55.3683    55.3683    0.0000     0.0000     0.0000     0.11495    0.11495    0.11495    0     OK          
23   0.20548    0.21603    84.5467    84.5461    75.6640    0.0005     8.8827     8.8822     0.30882    0.30812    0.49306    0     OK          
24   0.39414    0.33903    73.3586    69.6965    73.3586    3.6621     0.0000     -3.6621    0.85458    0.81477    0.85458    0     OK          
25   0.27671    0.44857    76.1863    76.1863    67.7633    -0.0000    8.4230     8.4230     0.33810    0.33833    0.55331    0     OK          
26   0.18359    0.24132    69.3135    68.2559    56.5300    1.0576     12.7835    11.7259    0.00000    0.04046    0.27807    0     OK          
27   0.40969    0.50509    18.4071    18.4071    18.4071    0.0000     0.0000     0.0000     0.01344    0.01344    0.01344    0     OK          
28   0.20451    0.25964    79.0033    79.0033    70.9420    0.0000     8.0613     8.0613     0.21538    0.21552    0.41047    0     OK          
29   0.55313    0.27859    45.5643    45.4555    45.5643    0.1088     0.0000     -0.1088    0.29710    0.29606    0.29710    0     OK          
30   0.51794    0.30356    45.0727    44.9623    45.0727    0.1104     0.0000     -0.1104    0.48090    0.47979    0.48090    0     OK          
31   0.35745    0.18332    -2.3134    -2.4202    -2.3134    0.1069     0.0000     -0.1069    0.45128    0.45016    0.45128    0     OK          
32   0.32996    0.24339    40.9054    40.8859    40.9054    0.0195     0.0000     -0.0195    0.79305    0.79284    0.79305    0     OK          
33   0.20813    0.55883    39.7428    39.7428    30.2824    0.0000     9.4604     9.4604     0.00000    0.00000    0.22556    0     OK          
34   0.29444    0.18882    18.5843    18.5107    18.5843    0.0737     0.0000     -0.0737    0.72578    0.72488    0.72578    0     OK          
35   0.27209    0.24690    86.4006    85.6161    86.4006    0.7845     0.0000     -0.7845    0.93577    0.91838    0.93577    0     OK          
36   0.40636    0.21479    14.4965    14.3971    14.4965    0.0993     0.0000     -0.0993    0.43875    0.43775    0.43875    0     OK          
37   0.22806    0.17547    80.6156    80.6070    80.1532    0.0086     0.4624     0.4539     0.78887    0.78276    0.83522    0     OK          
38   0.29064    0.35094    91.7990    91.7978    88.2489    0.0012     3.5501     3.5489     0.68480    0.68381    0.76878    0     OK          
39   0.28936    0.17967    16.3001    16.2394    16.3001    0.0607     0.0000     -0.0607    0.70691    0.70618    0.70691    0     OK          
40   0.23184    0.17339    78.4085    78.2704    78.2091    0.1382     0.1994     0.0613     0.85506    0.83004    0.88509    0     OK          
41   0.22980    0.12955    35.0091    34.9396    35.0091    0.0695     0.0000     -0.0695    0.73547    0.73395    0.73547    0     OK          
42   0.52098    0.31611    47.6109    45.9904    47.6109    1.6205     0.0000     -1.6205    0.51439    0.49763    0.51439    0     OK          
43   0.16556    0.55155    24.1362    24.1362    20.0912    0.0000     4.0449     4.0449     0.00000    0.00000    0.08519    0     OK          
44   0.15930    0.67781    -8.0405    -8.0405    -9.1784    0.0000     1.1379     1.1379     0.00000    0.00000    0.03186    0     OK          
45   0.18209    0.43336    46.5917    46.5917    38.7430    0.0000     7.8487     7.8487     0.00000    0.00000    0.16735    0     OK          
46   0.28182    0.19131    37.8112    37.7840    37.8112    0.0272     0.0000     -0.0272    0.78408    0.78373    0.78408    0     OK          
47   0.25513    0.23999    91.8369    91.8149    91.8369    0.0219     0.0000     -0.0219    0.83073    0.83007    0.83073    0     OK          
48   0.56621    0.24909    41.5922    41.5309    41.5922    0.0613     0.0000     -0.0613    0.11608    0.11543    0.11608    0     OK          
49   0.22584    0.57026    41.9439    41.7625    34.9412    0.1815     7.0028     6.8213     0.00000    0.00824    0.20581    0     OK          
50   0.21297    0.39451    66.0148    65.8616    55.7388    0.1532     10.2760    10.1228    0.05072    0.06812    0.32444    0     OK          
51   0.26225    0.22293    85.1168    84.4161    85.1168    0.7007     0.0000     -0.7007    0.95000    0.92943    0.95000    0     OK          
52   0.15717    0.37615    36.5217    36.5217    33.2470    0.0000     3.2747     3.2747     0.00000    0.00000    0.06379    0     OK          
53   0.17638    0.59987    19.9904    19.9904    14.9860    0.0000     5.0044     5.0044     0.00000    0.00000    0.11515    0     OK          
54   0.35719    0.24558    41.3062    41.2491    41.3062    0.0571     0.0000     -0.0571    0.71835    0.71774    0.71835    0     OK          
55   0.16176    0.52847    25.2575    25.2575    21.6636    0.0000     3.5939     3.5939     0.00000    0.00000    0.07376    0     OK          
56   0.43737    0.32137    56.9411    56.6849    56.9411    0.2562     0.0000     -0.2562    0.72071    0.71797    0.72071    0     OK          
57   0.36606    0.31590    73.5055    73.4489    73.5055    0.0566     0.0000     -0.0566    0.87218    0.87155    0.87218    0     OK          
58   0.26286    0.11925    -46.2715   -46.4210   -46.2715   0.1495     0.0000     -0.1495    0.46669    0.46492    0.46669    0     OK          
59   0.43172    0.40688    33.6638    33.6638    33.6638    0.0000     0.0000     0.0000     0.34343    0.34343    0.34343    0     OK          
60   0.17854    0.61156    17.9012    17.9012    12.8333    0.0000     5.0679     5.0679     0.00000    0.00000    0.12030    0     OK          
61   0.37226    0.20034    9.0098     8.9888     9.0098     0.0210     0.0000     -0.0210    0.48649    0.48627    0.48649    0     OK          
62   0.33146    0.47894    70.3079    70.3079    70.3079    0.0000     0.0000     0.0000     0.29434    0.29434    0.29434    0     OK          
63   0.60703    0.25942    39.5272    39.4325    39.5272    0.0948     0.0000     -0.0948    0.05622    0.05328    0.05622    0     OK          
64   0.22623    0.48262    59.6872    59.5947    47.8971    0.0925     11.7901    11.6976    0.00524    0.02568    0.32381    0     OK          
65   0.51483    0.34037    37.3648    37.3002    37.3648    0.0645     0.0000     -0.0645    0.43972    0.43905    0.43972    0     OK          
66   0.21746    0.42895    63.8074    63.5445    52.6496    0.2629     11.1578    10.8949    0.03015    0.05541    0.32118    0     OK          
67   0.41155    0.32729    64.3922    63.1467    64.3922    1.2455     0.0000     -1.2455    0.79247    0.77907    0.79247    0     OK          
68   0.16135    0.24052    44.0845    44.0845    38.1192    0.0000     5.9654     5.9654     0.00000    0.00000    0.10785    0     OK          
69   0.35787    0.50994    48.5277    48.5277    48.5277    0.0000     0.0000     0.0000     0.11733    0.11733    0.11733    0     OK          
70   0.37608    0.46690    50.0568    50.0568    50.0568    0.0000     0.0000     0.0000     0.23141    0.23141    0.23141    0     OK          
71   0.15352    0.56495    17.0332    17.0332    14.8886    0.0000     2.1447     2.1447     0.00000    0.00000    0.04480    0     OK          
72   0.25037    0.32748    85.6521    85.6521    81.5702    -0.0000    4.0819     4.0819     0.47328    0.47332    0.59331    0     OK          
73   0.16317    0.13586    41.8726    41.8726    32.7523    0.0000     9.1204     9.1204     0.00000    0.00000    0.18277    0     OK          
74   0.41556    0.35509    58.0284    58.0284    58.0284    0.0000     0.0000     0.0000     0.68290    0.68290    0.68290    0     OK          
75   0.20169    0.10478    32.9115    32.6733    32.8915    0.2382     0.0201     -0.2181    0.73177    0.66881    0.75050    0     OK          
76   0.44270    0.16989    -38.1546   -38.1652   -38.1546   0.0106     0.0000     -0.0106    0.00145    0.00130    0.00145    0     OK          
77   0.24141    0.62339    21.7663    21.7565    21.5363    0.0099     0.2300     0.2201     0.00000    0.00102    0.02109    0     OK          
78   0.35700    0.30353    71.0271    71.0066    71.0271    0.0205     0.0000     -0.0205    0.86833    0.86810    0.86833    0     OK          
79   0.16075    0.31673    43.3547    43.3547    38.7774    0.0000     4.5774     4.5774     0.00000    0.00000    0.08866    0     OK          
80   0.37150    0.46158    53.8497    53.8497    53.8497    0.0000     0.0000     0.0000     0.26435    0.26435    0.26435    0     OK          
81   0.17393    0.30590    55.3107    55.1838    47.6565    0.1269     7.6541     7.5273     0.00000    0.00441    0.16999    0     OK          
82   0.28659    0.18849    28.7405    28.6869    28.7405    0.0535     0.0000     -0.0535    0.75487    0.75420    0.75487    0     OK          
83   0.14211    0.59112    8.6979     8.6979     8.2729     0.0000     0.4251     0.4251     0.00000    0.00000    0.00898    0     OK          
84   0.63193    0.27851    54.7562    54.3340    54.7562    0.4222     0.0000     -0.4222    0.08998    0.08160    0.08998    0     OK          
85   0.29614    0.52211    64.1346    63.8144    64.1346    0.3201     0.0000     -0.3201    0.21578    0.19542    0.21578    0     OK          
86   0.18279    0.54574    32.4783    32.4783    25.8482    0.0000     6.6302     6.6302     0.00000    0.00000    0.14405    0     OK          
87   0.39018    0.41401    53.1434    53.1434    53.1434    0.0000     0.0000     0.0000     0.42755    0.42755    0.42755    0     OK          
88   0.41009    0.19394    1.9115     1.7864     1.9115     0.1251     0.0000     -0.1251    0.31044    0.30929    0.31044    0     OK          
89   0.28179    0.59952    30.3179    30.2622    30.3179    0.0556     0.0000     -0.0556    0.00721    0.00293    0.00721    0     OK          
90   0.21207    0.44763    59.9238    59.3317    48.2141    0.5920     11.7097    11.1176    0.00000    0.02474    0.28725    0     OK          
91   0.17685    0.65141    5.0358     5.0358     2.5976     -0.0000    2.4381     2.4381     0.00000    0.00000    0.06705    0     OK          
92   0.51227    0.33773    39.5575    39.0470    39.5575    0.5104     0.0000     -0.5104    0.46474    0.45944    0.46474    0     OK          
93   0.17633    0.07867    21.3984    21.3784    14.4246    0.0200     6.9738     6.9537     0.17079    0.19089    0.59399    0     OK          
94   0.38793    0.42342    52.4665    52.4665    52.4665    0.0000     0.0000     0.0000     0.38836    0.38836    0.38836    0     OK          
95   0.23912    0.52129    56.2778    56.1490    45.0496    0.1287     11.2282    11.0995    0.01550    0.04560    0.34716    0     OK          
96   0.29568    0.37525    89.8947    89.8946    85.2994    0.0001     4.5953     4.5952     0.63852    0.63807    0.74658    0     OK          
97   0.22961    0.55213    47.5783    47.5290    38.5495    0.0493     9.0288     8.9795     0.00000    0.00296    0.25765    0     OK          
98   0.24198    0.39673    74.5767    74.5767    66.1531    0.0000     8.4237     8.4237     0.24190    0.24191    0.45810    0     OK          
99   0.27294    0.56247    49.8546    49.8452    49.8195    0.0094     0.0351     0.0258     0.11316    0.10295    0.13269    0     OK          
100  0.53768    0.33290    38.8919    38.8919    38.8919    0.0000     0.0000     0.0000     0.40529    0.40529    0.40529    0     OK          
101  0.52620    0.23912    34.2005    34.0376    34.2005    0.1629     0.0000     -0.1629    0.18057    0.17916    0.18057    0     OK          
102  0.17755    0.52184    33.6152    33.6152    27.4498    0.0000     6.1654     6.1654     0.00000    0.00000    0.13015    0     OK          
103  0.68252    0.28967    26.3649    26.2902    25.3003    0.0747     1.0646     0.9899     0.00000    0.00119    0.01673    0     OK          
104  0.45269    0.32448    55.2459    54.5711    55.2459    0.6748     0.0000     -0.6748    0.69370    0.68651    0.69370    0     OK          
105  0.34879    0.51131    52.7816    52.7816    52.7816    0.0000     0.0000     0.0000     0.13354    0.13354    0.13354    0     OK          
106  0.40645    0.33332    67.7201    65.2716    67.7201    2.4485     0.0000     -2.4485    0.81649    0.79007    0.81649    0     OK          
107  0.57063    0.25305    43.7936    43.6463    43.7936    0.1473     0.0000     -0.1473    0.12500    0.12367    0.12500    0     OK          
108  0.24250    0.09396    -85.2548   -85.3115   -85.2548   0.0567     0.0000     -0.0567    0.34663    0.34587    0.34663    0     OK          
109  0.24207    0.36604    78.2908    78.2908    71.3747    0.0000     6.9162     6.9161     0.30853    0.30836    0.49340    0     OK          
110  0.15923    0.28458    41.9908    41.9908    37.4199    0.0000     4.5708     4.5708     0.00000    0.00000    0.08394    0     OK          
111  0.44839    0.22413    19.4843    19.3235    19.4843    0.1608     0.0000     -0.1608    0.34598    0.34448    0.34598    0     OK          
112  0.26411    0.33341    88.4454    88.4453    84.8287    0.0001     3.6167     3.6165     0.55931    0.55893    0.65974    0     OK          
113  0.32761    0.51660    60.4710    60.4710    60.4710    0.0000     0.0000     0.0000     0.16377    0.16377    0.16377    0     OK          
114  0.24667    0.50541    60.6916    60.6789    49.8219    0.0126     10.8697    10.8570    0.07629    0.08523    0.38593    0     OK          
115  0.39945    0.28417    50.9750    50.9598    50.9750    0.0152     0.0000     -0.0152    0.71599    0.71582    0.71599    0     OK          
116  0.43385    0.44806    23.2938    23.2938    23.2938    0.0000     0.0000     0.0000     0.15768    0.15768    0.15768    0     OK          
117  0.29559    0.13663    -56.9067   -57.0260   -56.9067   0.1193     0.0000     -0.1193    0.42328    0.42213    0.42328    0     OK          
118  0.16394    0.52374    26.8600    26.8600    22.8813    0.0000     3.9787     3.9787     0.00000    0.00000    0.08173    0     OK          
119  0.19063    0.60602    22.8100    22.8100    16.3478    0.0000     6.4622     6.4622     0.00000    0.00000    0.15791    0     OK          
120  0.30487    0.33794    95.0425    95.0406    92.1956    0.0019     2.8468     2.8450     0.81787    0.81644    0.87459    0     OK          
121  0.44620    0.27233    38.1863    38.0986    38.1863    0.0877     0.0000     -0.0877    0.55639    0.55545    0.55639    0     OK          
122  0.31640    0.52916    59.3445    59.3445    59.3445    0.0000     0.0000     0.0000     0.14638    0.14638    0.14638    0     OK          
123  0.29429    0.37669    89.4699    89.4688    84.7716    0.0011     4.6983     4.6972     0.62556    0.62458    0.73707    0     OK          
124  0.63002    0.30757    58.0556    52.9543    58.0556    5.1012     0.0000     -5.1012    0.21912    0.17470    0.21912    0     OK          
125  0.37174    0.24344    37.2692    37.2337    37.2692    0.0356     0.0000     -0.0356    0.66777    0.66737    0.66777    0     OK          
126  0.38290    0.24369    34.8915    34.8388    34.8915    0.0527     0.0000     -0.0527    0.63515    0.63455    0.63515    0     OK          
127  0.21828    0.47159    58.9672    58.7561    47.0255    0.2111     11.9417    11.7306    0.00000    0.01328    0.29919    0     OK          
128  0.29633    0.28827    92.8865    92.1304    92.8865    0.7561     0.0000     -0.7561    0.96310    0.94277    0.96310    0     OK          
129  0.26546    0.43830    75.2248    75.2248    66.5647    0.0000     8.6601     8.6601     0.29884    0.29860    0.51780    0     OK          
130  0.16324    0.11905    38.8845    38.8845    29.1097    0.0000     9.7748     9.7748     0.00000    0.00000    0.20368    0     OK          
131  0.22087    0.55487    44.6326    44.5304    34.1436    0.1022     10.4890    10.3868    0.00000    0.00399    0.26692    0     OK          
132  0.29168    0.12835    -71.1754   -71.2661   -71.1754   0.0907     0.0000     -0.0907    0.37600    0.37513    0.37600    0     OK          
133  0.54204    0.23045    27.7064    27.6091    27.7064    0.0973     0.0000     -0.0973    0.08065    0.07934    0.08065    0     OK          
134  0.14831    0.27886    29.6706    29.6706    28.9799    0.0000     0.6907     0.6907     0.00000    0.00000    0.01236    0     OK          
135  0.44609    0.40162    29.1175    29.1175    29.1175    0.0000     0.0000     0.0000     0.32711    0.32711    0.32711    0     OK          
136  0.44078    0.28789    44.8045    44.8025    44.8045    0.0020     0.0000     -0.0020    0.62122    0.62120    0.62122    0     OK          
137  0.32216    0.39210    92.0355    92.0290    91.8641    0.0065     0.1713     0.1648     0.73285    0.72998    0.74561    0     OK          
138  0.33560    0.17694    -4.4771    -4.5447    -4.4771    0.0676     0.0000     -0.0676    0.50369    0.50297    0.50369    0     OK          
139  0.16162    0.53696    24.1967    24.1967    20.6717    0.0000     3.5250     3.5250     0.00000    0.00000    0.07279    0     OK          
140  0.30253    0.34374    94.3071    94.3032    91.1719    0.0039     3.1352     3.1313     0.78353    0.78152    0.84793    0     OK          
141  0.29058    0.46551    76.1323    76.0966    74.5029    0.0357     1.6294     1.5937     0.37256    0.35934    0.45271    0     OK          
142  0.32209    0.42412    86.4533    86.1834    86.4533    0.2700     0.0000     -0.2700    0.56743    0.56032    0.56743    0     OK          
143  0.45386    0.29650    46.1665    46.1040    46.1665    0.0625     0.0000     -0.0625    0.61455    0.61387    0.61455    0     OK          
144  0.14992    0.53335    18.9342    18.9342    17.3276    0.0000     1.6066     1.6066     0.00000    0.00000    0.03243    0     OK          
145  0.32146    0.11141    -129.8260  -129.8260  -129.8260  0.0000     0.0000     0.0000     0.00955    0.00955    0.00955    0     OK          
146  0.45038    0.23832    24.9719    24.8489    24.9719    0.1230     0.0000     -0.1230    0.40869    0.40750    0.40869    0     OK          
147  0.18572    0.32613    61.5398    61.1867    53.1487    0.3530     8.3911     8.0380     0.00000    0.01509    0.22896    0     OK          
148  0.27975    0.57672    43.8810    43.6323    43.8810    0.2487     0.0000     -0.2487    0.07558    0.04878    0.07558    0     OK          
149  0.43352    0.45381    22.1589    22.1589    22.1589    0.0000     0.0000     0.0000     0.13604    0.13604    0.13604    0     OK          
150  0.44550    0.44485    18.6052    18.6052    18.6052    0.0000     0.0000     0.0000     0.13969    0.13969    0.13969    0     OK          
151  0.32211    0.14747    -67.7002   -67.8557   -67.7002   0.1555     0.0000     -0.1555    0.37109    0.36977    0.37109    0     OK          
152  0.32293    0.19019    -14.5458   -14.5608   -14.5458   0.0150     0.0000     -0.0150    0.62191    0.62174    0.62191    0     OK          
153  0.18325    0.37207    54.3239    54.2121    45.9764    0.1118     8.3476     8.2357     0.00000    0.00362    0.19365    0     OK          
154  0.18183    0.34415    56.8039    56.6254    48.7336    0.1785     8.0703     7.8918     0.00000    0.00644    0.19829    0     OK          
155  0.14568    0.37858    27.8329    27.8329    27.4373    0.0000     0.3956     0.3956     0.00000    0.00000    0.00753    0     OK          
156  0.17288    0.20378    59.7176    59.5390    47.9773    0.1786     11.7403    11.5616    0.00000    0.00385    0.22421    0     OK          
157  0.33725    0.38826    90.3424    90.3424    90.3424    0.0000     0.0000     0.0000     0.72336    0.72336    0.72336    0     OK          
158  0.20411    0.11581    45.0844    45.0037    44.4872    0.0807     0.5972     0.5165     0.70675    0.67309    0.80679    0     OK          
159  0.38356    0.41226    57.3449    57.3449    57.3449    0.0000     0.0000     0.0000     0.45508    0.45508    0.45508    0     OK          
160  0.46103    0.25595    31.4559    31.3762    31.4559    0.0797     0.0000     -0.0797    0.45356    0.45276    0.45356    0     OK          
161  0.34207    0.37611    91.3855    90.5938    91.3855    0.7917     0.0000     -0.7917    0.78389    0.77316    0.78389    0     OK          
162  0.41310    0.30008    54.3847    54.3337    54.3847    0.0509     0.0000     -0.0509    0.72442    0.72387    0.72442    0     OK          
163  0.37674    0.46436    50.2658    50.2658    50.2658    0.0000     0.0000     0.0000     0.23981    0.23981    0.23981    0     OK          
164  0.47331    0.25047    30.2295    30.1333    30.2295    0.0961     0.0000     -0.0961    0.39481    0.39389    0.39481    0     OK          
165  0.51640    0.29278    42.9331    42.9224    42.9331    0.0107     0.0000     -0.0107    0.44718    0.44707    0.44718    0     OK          
166  0.48698    0.31069    47.3996    47.2109    47.3996    0.1887     0.0000     -0.1887    0.57716    0.57515    0.57716    0     OK          
167  0.40855    0.21557    14.8017    14.7451    14.8017    0.0566     0.0000     -0.0566    0.43518    0.43461    0.43518    0     OK          
168  0.31194    0.54622    53.4030    53.4030    53.4030    0.0000     0.0000     0.0000     0.10089    0.10089    0.10089    0     OK          
169  0.37855    0.31274    67.8292    67.7876    67.8292    0.0416     0.0000     -0.0416    0.83662    0.83617    0.83662    0     OK          
170  0.18357    0.34114    58.2745    58.0547    49.9896    0.2198     8.2849     8.0651     0.00000    0.00824    0.20911    0     OK          
171  0.21204    0.20387    87.7677    87.7638    81.7288    0.0038     6.0388     6.0350     0.42924    0.43113    0.57944    0     OK          
172  0.25883    0.61411    25.3482    25.3482    25.3412    0.0000     0.0070     0.0070     0.00178    0.00180    0.01254    0     OK          
173  0.21646    0.49142    55.3369    54.9740    43.6176    0.3629     11.7193    11.3564    0.00000    0.01405    0.28200    0     OK          
174  0.43202    0.21538    14.6175    14.4703    14.6175    0.1472     0.0000     -0.1472    0.35459    0.35320    0.35459    0     OK          
175  0.25484    0.61802    23.4628    23.4623    23.4364    0.0005     0.0265     0.0260     0.00000    0.00023    0.00982    0     OK          
176  0.22066    0.56532    41.9897    41.8744    33.2402    0.1152     8.7495     8.6343     0.00000    0.00446    0.23250    0     OK          
177  0.26680    0.19792    63.9376    63.8978    63.9376    0.0397     0.0000     -0.0397    0.86351    0.86292    0.86351    0     OK          
178  0.40861    0.21790    16.1159    16.0511    16.1159    0.0647     0.0000     -0.0647    0.44634    0.44569    0.44634    0     OK          
179  0.43033    0.42637    29.6690    29.6690    29.6690    0.0000     0.0000     0.0000     0.25766    0.25766    0.25766    0     OK          
180  0.24833    0.60514    31.4128    31.3764    30.8713    0.0364     0.5415     0.5051     0.00000    0.00617    0.05707    0     OK          
181  0.17429    0.10495    48.7537    47.9121    34.6266    0.8416     14.1272    13.2856    0.00000    0.06385    0.42000    0     OK          
182  0.27226    0.38850    83.3849    83.3849    77.1588    -0.0000    6.2261     6.2261     0.45623    0.45616    0.61106    0     OK          
183  0.22998    0.53985    50.5340    50.4169    39.5308    0.1172     11.0033    10.8861    0.00000    0.00788    0.29951    0     OK          
184  0.38596    0.51328    29.6587    29.6587    29.6587    0.0000     0.0000     0.0000     0.04174    0.04174    0.04174    0     OK          
185  0.23280    0.07176    -178.5612  -178.8345  -178.5612  0.2733     0.0000     -0.2733    0.08802    0.08407    0.08802    0     OK          
186  0.21866    0.22012    90.8456    90.8436    85.1529    0.0020     5.6927     5.6907     0.47537    0.47617    0.59543    0     OK          
187  0.54606    0.40027    0.5611     0.5611     0.5611     0.0000     0.0000     0.0000     0.04025    0.04025    0.04025    0     OK          
188  0.41675    0.16254    -40.6196   -40.6534   -40.6196   0.0338     0.0000     -0.0338    0.05034    0.04981    0.05034    0     OK          
189  0.32024    0.12567    -74.2102   -74.3841   -74.2102   0.1739     0.0000     -0.1739    0.18586    0.18379    0.18586    0     OK          
190  0.20886    0.59392    31.0345    31.0216    24.8050    0.0130     6.2295     6.2165     0.00000    0.00042    0.16676    0     OK          
191  0.22556    0.12231    29.5077    29.3861    29.5077    0.1216     0.0000     -0.1216    0.71548    0.71259    0.71548    0     OK          
192  0.25453    0.54332    53.9439    53.9367    50.3784    0.0072     3.5655     3.5583     0.05678    0.06484    0.23418    0     OK          
193  0.14213    0.66076    -4.9930    -4.9930    -5.5153    -0.0000    0.5223     0.5223     0.00000    0.00000    0.01260    0     OK          
194  0.39002    0.37373    63.3118    63.3118    63.3118    0.0000     0.0000     0.0000     0.64848    0.64848    0.64848    0     OK          
195  0.23577    0.34441    79.0558    79.0558    72.8767    0.0000     6.1791     6.1791     0.31372    0.31379    0.48783    0     OK          
196  0.24986    0.50457    61.4765    61.4742    51.3558    0.0023     10.1207    10.1184    0.09360    0.09721    0.38724    0     OK          
197  0.15613    0.46721    28.2557    28.2557    25.4258    0.0000     2.8299     2.8299     0.00000    0.00000    0.05556    0     OK          
198  0.50812    0.38586    15.1487    15.1487    15.1487    0.0000     0.0000     0.0000     0.21765    0.21765    0.21765    0     OK          
199  0.14384    0.63410    2.0047     2.0047     1.2868     0.0000     0.7178     0.7178     0.00000    0.00000    0.01631    0     OK          
200  0.17416    0.54434    28.9578    28.9578    23.5566    0.0000     5.4012     5.4012     0.00000    0.00000    0.11499    0     OK          
201  0.58205    0.33941    29.8889    29.8889    29.8889    0.0000     0.0000     0.0000     0.21292    0.21292    0.21292    0     OK          
202  0.52405    0.40072    5.3401     5.3401     5.3401     0.0000     0.0000     0.0000     0.10294    0.10294    0.10294    0     OK          
203  0.33791    0.34879    96.3544    95.2078    94.2008    1.1466     2.1535     1.0070     0.94581    0.91176    0.98597    0     OK          
204  0.66954    0.28651    36.8866    36.5494    35.9822    0.3372     0.9045     0.5673     0.00000    0.01327    0.03342    0     OK          
205  0.25683    0.34385    85.2484    85.2481    80.6629    0.0002     4.5854     4.5852     0.47344    0.47303    0.60186    0     OK          
206  0.46805    0.30722    48.0279    47.9313    48.0279    0.0967     0.0000     -0.0967    0.61176    0.61072    0.61176    0     OK          
207  0.30034    0.29883    94.3097    93.2538    94.3097    1.0559     0.0000     -1.0559    0.95547    0.92108    0.95547    0     OK          
208  0.57000    0.38704    2.0756     2.0756     2.0756     0.0000     0.0000     0.0000     0.02427    0.02427    0.02427    0     OK          
209  0.18819    0.26764    69.4036    69.0341    58.8627    0.3694     10.5408    10.1714    0.01812    0.04913    0.28673    0     OK          
210  0.23215    0.22141    95.4124    95.3960    93.1108    0.0164     2.3016     2.2852     0.65072    0.64747    0.70494    0     OK          
211  0.23721    0.55684    47.9395    47.7604    41.4419    0.1791     6.4976     6.3186     0.00000    0.01683    0.22575    0     OK          
212  0.28670    0.17726    17.4624    17.4538    17.4624    0.0087     0.0000     -0.0087    0.70713    0.70703    0.70713    0     OK          
213  0.28520    0.58780    37.1688    37.0142    37.1688    0.1546     0.0000     -0.1546    0.03279    0.02205    0.03279    0     OK          
214  0.24872    0.21011    88.5162    88.3847    88.5162    0.1316     0.0000     -0.1316    0.88639    0.87839    0.88639    0     OK          
215  0.17054    0.27482    54.1929    54.0638    45.7509    0.1291     8.4420     8.3129     0.00000    0.00297    0.16154    0     OK          
216  0.41067    0.26986    42.3590    42.2743    42.3590    0.0847     0.0000     -0.0847    0.64394    0.64299    0.64394    0     OK          
217  0.37306    0.29390    61.3841    61.3213    61.3841    0.0627     0.0000     -0.0627    0.80762    0.80695    0.80762    0     OK          
218  0.30244    0.56411    46.9448    46.8240    46.9448    0.1208     0.0000     -0.1208    0.06618    0.06166    0.06618    0     OK          
219  0.22386    0.57123    41.2148    41.1041    33.9888    0.1107     7.2260     7.1154     0.00000    0.00474    0.20681    0     OK          
220  0.19808    0.62380    18.9472    18.9472    15.3624    0.0000     3.5847     3.5847     0.00000    0.00000    0.10163    0     OK          
221  0.50952    0.43093    -1.4521    -1.4521    -1.4521    0.0000     0.0000     0.0000     0.02193    0.02193    0.02193    0     OK          
222  0.15367    0.45529    27.7790    27.7790    25.4176    0.0000     2.3614     2.3614     0.00000    0.00000    0.04591    0     OK          
223  0.65813    0.29312    61.0973    60.5636    61.0973    0.5336     0.0000     -0.5336    0.09501    0.08270    0.09501    0     OK          
224  0.14903    0.51491    20.2201    20.2201    18.7701    0.0000     1.4500     1.4500     0.00000    0.00000    0.02884    0     OK          
225  0.24139    0.07424    -196.0298  -196.1698  -196.0298  0.1400     0.0000     -0.1400    0.05065    0.04882    0.05065    0     OK          
226  0.35610    0.21707    24.2473    24.1955    24.2473    0.0519     0.0000     -0.0519    0.61915    0.61856    0.61915    0     OK          
227  0.41320    0.35219    60.2686    60.2486    60.2686    0.0200     0.0000     -0.0200    0.70968    0.70947    0.70968    0     OK          
228  0.38192    0.24313    34.7964    34.7646    34.7964    0.0318     0.0000     -0.0318    0.63611    0.63575    0.63611    0     OK          
229  0.19014    0.59609    25.2557    25.2557    18.6128    0.0000     6.6429     6.6429     0.00000    0.00000    0.15829    0     OK          
230  0.24737    0.21392    90.2689    90.2214    90.2689    0.0475     0.0000     -0.0475    0.85974    0.85592    0.85974    0     OK          
231  0.29064    0.54556    56.4246    56.1955    56.4246    0.2290     0.0000     -0.2290    0.14880    0.13191    0.14880    0     OK          
232  0.27703    0.42938    79.0323    79.0320    71.2380    0.0003     7.7943     7.7940     0.38414    0.38297    0.57749    0     OK          
233  0.54980    0.37608    10.7793    10.7793    10.7793    0.0000     0.0000     0.0000     0.13521    0.13521    0.13521    0     OK          
234  0.26324    0.60219    31.9670    31.9405    31.9628    0.0265     0.0041     -0.0223    0.02824    0.00820    0.03619    0     OK          
235  0.50796    0.22916    28.2458    28.1024    28.2458    0.1434     0.0000     -0.1434    0.18134    0.18010    0.18134    0     OK          
236  0.51910    0.22570    28.2819    28.1495    28.2819    0.1324     0.0000     -0.1324    0.12507    0.12362    0.12507    0     OK          
237  0.16347    0.05397    -4.0384    -4.1529    -17.5779   0.1145     13.5395    13.4251    0.00000    0.00534    0.40576    0     OK          
238  0.26995    0.47971    69.8246    69.8246    63.1471    0.0000     6.6775     6.6775     0.23794    0.23792    0.44193    0     OK          
239  0.19975    0.18877    81.5087    81.5082    72.7352    0.0006     8.7735     8.7729     0.28353    0.28445    0.50196    0     OK          
240  0.41780    0.17027    -23.2680   -23.3773   -23.2680   0.1093     0.0000     -0.1093    0.11179    0.11013    0.11179    0     OK          
241  0.56952    0.28890    49.0329    48.9408    49.0329    0.0921     0.0000     -0.0921    0.29861    0.29772    0.29861    0     OK          
242  0.43394    0.27242    39.6488    39.6251    39.6488    0.0237     0.0000     -0.0237    0.58959    0.58933    0.58959    0     OK          
243  0.39690    0.14864    -67.0538   -67.0538   -67.0538   0.0000     0.0000     0.0000     0.01226    0.01226    0.01226    0     OK          
244  0.40038    0.40915    48.5288    48.5288    48.5288    0.0000     0.0000     0.0000     0.42257    0.42257    0.42257    0     OK          
245  0.22903    0.18592    85.2377    85.2330    84.6746    0.0047     0.5631     0.5584     0.75435    0.75063    0.80029    0     OK          
246  0.18550    0.62394    16.2681    16.2681    11.3504    0.0000     4.9177     4.9177     0.00000    0.00000    0.12493    0     OK          
247  0.41071    0.43516    37.5799    37.5799    37.5799    0.0000     0.0000     0.0000     0.27277    0.27277    0.27277    0     OK          
248  0.50759    0.37646    19.3445    19.3445    19.3445    0.0000     0.0000     0.0000     0.26516    0.26516    0.26516    0     OK          
249  0.38483    0.51045    31.6627    31.6627    31.6627    0.0000     0.0000     0.0000     0.05352    0.05352    0.05352    0     OK          
250  0.26553    0.55685    51.2752    51.2741    50.6457    0.0011     0.6295     0.6284     0.08776    0.08432    0.16598    0     OK          
251  0.58578    0.36463    12.3911    12.3911    12.3911    0.0000     0.0000     0.0000     0.07428    0.07428    0.07428    0     OK          
252  0.38629    0.22616    23.9339    23.8848    23.9339    0.0491     0.0000     -0.0491    0.55702    0.55648    0.55702    0     OK          
253  0.56751    0.36492    14.1895    14.1895    14.1895    0.0000     0.0000     0.0000     0.13175    0.13175    0.13175    0     OK          
254  0.32927    0.37398    94.6862    93.8274    94.4441    0.8588     0.2421     -0.6167    0.82548    0.78575    0.83774    0     OK          
255  0.31266    0.30136    91.8448    91.8039    91.8448    0.0409     0.0000     -0.0409    0.97131    0.97054    0.97131    0     OK          
256  0.51847    0.22624    28.7792    28.6382    28.7792    0.1410     0.0000     -0.1410    0.13038    0.12895    0.13038    0     OK          
257  0.34330    0.45843    70.0181    70.0181    70.0181    0.0000     0.0000     0.0000     0.34954    0.34954    0.34954    0     OK          
258  0.29030    0.26609    86.4139    85.1384    86.4139    1.2755     0.0000     -1.2755    0.96243    0.94006    0.96243    0     OK          
259  0.57402    0.35320    20.8430    20.8430    20.8430    0.0000     0.0000     0.0000     0.16815    0.16815    0.16815    0     OK          
260  0.16485    0.54566    24.6071    24.6071    20.6273    0.0000     3.9798     3.9798     0.00000    0.00000    0.08327    0     OK          
261  0.20294    0.45268    55.0913    55.0730    44.3465    0.0183     10.7448    10.7266    0.00000    0.00056    0.24723    0     OK          
262  0.28941    0.24583    73.0194    72.7690    73.0194    0.2504     0.0000     -0.2504    0.92066    0.91694    0.92066    0     OK          
263  0.25694    0.39903    78.3104    78.3105    70.7117    -0.0000    7.5987     7.5988     0.33339    0.33359    0.52507    0     OK          
264  0.22122    0.13305    51.5724    51.2297    51.5724    0.3427     0.0000     -0.3427    0.80280    0.78774    0.80280    0     OK          
265  0.18060    0.41417    47.9157    47.8658    40.1553    0.0499     7.7604     7.7105     0.00000    0.00133    0.16648    0     OK          
266  0.23255    0.43883    66.9439    66.9331    56.4252    0.0109     10.5187    10.5078    0.10692    0.11251    0.37850    0     OK          
267  0.31149    0.35946    94.0083    93.9956    90.0408    0.0127     3.9674     3.9547     0.78123    0.77770    0.85883    0     OK          
268  0.30594    0.46204    79.1494    79.1063    79.1494    0.0431     0.0000     -0.0431    0.42919    0.42542    0.42919    0     OK          
269  0.47320    0.21463    17.8792    17.6960    17.8792    0.1832     0.0000     -0.1832    0.21032    0.20869    0.21032    0     OK          
270  0.54472    0.24853    39.5123    39.3482    39.5123    0.1641     0.0000     -0.1641    0.17614    0.17474    0.17614    0     OK          
271  0.16177    0.26799    44.7734    44.7734    39.0695    0.0000     5.7039     5.7039     0.00000    0.00000    0.10408    0     OK          
272  0.55849    0.37215    11.3969    11.3969    11.3969    0.0000     0.0000     0.0000     0.12627    0.12627    0.12627    0     OK          
273  0.35085    0.53072    43.8539    43.8539    43.8539    0.0000     0.0000     0.0000     0.06492    0.06492    0.06492    0     OK          
274  0.57750    0.38549    1.7000     1.7000     1.7000     0.0000     0.0000     0.0000     0.00798    0.00798    0.00798    0     OK          
275  0.45895    0.42575    17.5412    17.5412    17.5412    0.0000     0.0000     0.0000     0.18139    0.18139    0.18139    0     OK          
276  0.31995    0.27658    72.1098    72.0719    72.1098    0.0378     0.0000     -0.0378    0.90454    0.90408    0.90454    0     OK          
277  0.51093    0.31189    46.7603    46.5238    46.7603    0.2364     0.0000     -0.2364    0.52458    0.52212    0.52458    0     OK          
278  0.43357    0.42518    28.4354    28.4354    28.4354    0.0000     0.0000     0.0000     0.25394    0.25394    0.25394    0     OK          
279  0.15820    0.41359    34.0324    34.0324    30.6170    0.0000     3.4154     3.4154     0.00000    0.00000    0.06647    0     OK          
280  0.23896    0.28315    88.6218    88.6209    85.8743    0.0009     2.7476     2.7467     0.52240    0.52121    0.60500    0     OK          
281  0.17756    0.39820    47.8958    47.8958    40.5348    0.0000     7.3611     7.3611     0.00000    0.00000    0.15734    0     OK          
282  0.25500    0.09208    -128.0243  -128.3036  -128.0243  0.2793     0.0000     -0.2793    0.22380    0.22061    0.22380    0     OK          
283  0.25169    0.47617    66.5917    66.5915    56.3005    0.0002     10.2912    10.2909    0.15013    0.15157    0.42653    0     OK          
284  0.40352    0.35589    62.8408    62.8408    62.8408    0.0000     0.0000     0.0000     0.71746    0.71746    0.71746    0     OK          
285  0.28350    0.24287    76.0778    76.0421    76.0778    0.0358     0.0000     -0.0358    0.93135    0.93078    0.93135    0     OK          
286  0.32522    0.45275    79.1277    79.1277    79.1277    0.0000     0.0000     0.0000     0.42114    0.42114    0.42114    0     OK          
287  0.18745    0.21354    74.2498    74.1233    60.9548    0.1265     13.2950    13.1685    0.06403    0.07120    0.34214    0     OK          
288  0.19492    0.56813    33.1704    33.1704    25.3713    0.0000     7.7991     7.7991     0.00000    0.00000    0.17955    0     OK          
289  0.24786    0.53789    54.3010    54.2664    48.3141    0.0346     5.9869     5.9523     0.03365    0.05073    0.26744    0     OK          
290  0.20590    0.64849    8.7815     8.7815     8.2191     0.0000     0.5624     0.5624     0.00000    0.00000    0.02199    0     OK          
291  0.39271    0.25048    36.4747    36.4174    36.4747    0.0573     0.0000     -0.0573    0.63003    0.62938    0.63003    0     OK          
292  0.35311    0.35495    91.2398    90.7842    91.2398    0.4557     0.0000     -0.4557    0.89048    0.88500    0.89048    0     OK          
293  0.19800    0.53306    40.9258    40.9258    32.0284    0.0000     8.8974     8.8974     0.00000    0.00000    0.19926    0     OK          
294  0.21312    0.22463    87.9407    87.9406    80.6048    0.0000     7.3359     7.3359     0.39033    0.39051    0.53877    0     OK          
295  0.26999    0.09683    -144.1559  -144.3694  -144.1559  0.2135     0.0000     -0.2135    0.17323    0.17110    0.17323    0     OK          
296  0.40236    0.29918    56.3979    56.3365    56.3979    0.0614     0.0000     -0.0614    0.74829    0.74763    0.74829    0     OK          
297  0.20673    0.57222    36.2158    36.2158    27.2669    0.0000     8.9489     8.9489     0.00000    0.00000    0.21675    0     OK          
298  0.21028    0.06030    -162.1638  -162.1638  -162.1638  0.0000     0.0000     0.0000     0.09240    0.09240    0.09240    0     OK          
299  0.46689    0.44773    8.7026     8.7026     8.7026     0.0000     0.0000     0.0000     0.07229    0.07229    0.07229    0     OK          
300  0.18222    0.48801    40.2161    40.2085    32.9228    0.0076     7.2932     7.2856     0.00000    0.00018    0.15389    0     OK          
 
================ Overall Comparison Summary ================
TotalCount = 300, ValidS14BoundaryCount = 300
MeanS14Ra = 39.754186, MeanBoundaryMixRa = 37.394848
Mean(S14 - BoundaryMix) = 2.359338
MeanAbs(S14 - BoundaryMix) = 2.607338, MaxAbs = 13.425087, P95Abs = 10.518746
S14Win = 129, BoundaryMixWin = 115, Tie = 56, BetterOverall = S14
MeanAbs(Exact - S14) = 0.154101, MeanAbs(Exact - BoundaryMix) = 2.513439
